Layer number 4:
-0.021156515167032815 0.5619458113718188 1.0717962388697302
Layer number 3:
0.05800240608487758 0.20113579999424794 0.49905956837260024 0.025659007176153412 0.3985079324706604 0.15841197525864747 -0.31070693246610254 0.3253033123205485 0.45443812763915004 0.2916275291988247 0.05045618620586103
0.1724695486966206 -0.31340949370879234 -0.345629160276991 -0.056034043184593436 0.4709505345445142 0.2789924927860081 -0.6170775384948065 0.5066093497452427 0.2984100209545352 -0.23432148173095801 -0.15241773343297338
Layer number 2:
-0.3691433435966991 0.15790329078581658 -0.2031570309154232 -0.4123491374564618 -0.05719573078422195 -0.4733188289910942 -0.2574239851229296 -0.36746899733316063 0.18847273383038807 0.3284635462890185 0.09320938216068327 0.5184599810274768 -0.40923473853157244 -0.24624508436767772
0.35032747070900344 0.12097144020412573 0.5243032153142436 -0.3824152478362771 -0.2835045032255421 -0.18225066432712028 0.10947248953503494 0.16572854395321396 -0.45092439021778574 -0.25243961892248445 -0.28996320984805685 0.0624931556840914 0.43759477733515373 -0.18421766916121338
-0.41483119817995256 -0.4410984130928831 -0.3465766255309173 0.44974959502616974 -0.314105218868009 0.45519629209445084 -0.2885672815270204 -0.3759193565226547 0.23231759848988204 -0.3357203839444745 0.4409399254970173 -0.07435013506380585 0.24132446521103743 0.36315629414039535
-0.19737869274024747 -0.013200624432372476 -0.28977948858514235 -0.4890059879467588 -0.33045554694430945 0.20293681532745036 -0.09563357097471017 -0.07147871579542639 0.07444919266506936 -0.5677266621098586 -0.35772617146167546 -0.05246185237135078 0.20886462190185726 0.4362603047953408
-0.20409573298585898 -0.34142290145865645 -0.08440922744968664 0.09402319110295373 -0.09515623846997319 -0.08570730026730902 -0.4360528534686848 0.5013876290931241 0.1001119914188597 0.04932321542429235 0.16683043850622598 -0.048935755025997264 0.46709813167166425 0.5005193570989572
-0.10519450844385943 -0.2676734551175499 -0.24727499627261904 0.5949680615158119 0.007098255136360362 -0.39050509786663457 -0.05869807490198273 -0.0843329024369672 0.09193785882725869 0.26047578955691664 -0.3446932276810382 0.02293790868126352 -0.18479941106121808 0.32127926190668155
0.13529551494380235 -0.31594471560690657 0.33598764439096757 -0.470654540700354 -0.2977502579200998 -0.10024240032173028 0.23561855007713375 0.008914917992260473 0.4484506188775714 -0.30792886457521434 0.16682736008482493 -0.46019530917412566 0.4990992292240349 -0.40962737370002783
0.27886989846121313 0.3819856525753232 -0.13328086206681092 -0.33274642632358575 0.09845382272971111 0.6026480419578393 -0.36293642017780947 -0.38642968559827195 0.15854394499336774 0.20840350851498926 0.16841832969936862 0.1822201116859331 0.37957599943852566 -0.4100062762315507
-0.009318387578552027 0.49885830227770245 -0.37719405531305794 -0.34349684738792957 -0.2740468929934412 0.07509409734262591 -0.15281282835765245 -0.36456702994844786 0.025367804951322872 0.39931065165974605 0.28445748042493374 0.06377425686500923 -0.27593519099687314 -0.07895747110879468
-0.03229231671885761 0.032148523283363484 0.32573178941770126 -0.31993264550389383 0.4130467514067971 -0.16853107478251197 -0.15447371681265462 -0.04855446068312539 -0.3326185704064425 -0.1942668207327003 -0.2329337661775842 -0.18488805945084344 -0.5042962353741851 0.0958719007398826
Layer number 1:
-0.35761388042303893 0.12115503482318613 -0.399080522960023 0.2151957914027724 0.3070240159431774 0.25006501494142963 -0.1107245555031925 0.45770446268698994 -0.4260985545824817 -0.49297988787580266 -0.15357594715593262 0.4707160093627645 0.3563509059890262 -0.021218103506444725 -0.1538406245444926 -0.0045336750402533 0.2299421600884644 -0.2783037305556563 0.4757158520991989 -0.43051086822985246 -0.4635141752656319 -0.1511564205165719 0.07730782501297308 -0.38202003720785 -0.31964505982220026 -0.2860627922337044 0.2636572699285245 0.3893533586389875 -0.2754591099514708 -0.48951021110848875 -0.10718229408149331 -0.2101851995617157 0.35160331694040814 0.19903708536768458 0.2225393399650057 0.1794701989538532 0.3016104574932576 0.034020430629166695 0.022565856169313243 -0.031016048831758316 -0.13728464188790404 -0.31697818324229393 -0.20511357607408934 -0.4494853964239275 -0.27334103821110717 0.0911104760077278 -0.23484718360120602 0.485736979084022 -0.44392928284459654 -0.33769353614879666 0.42064601408342317 -0.25934399934547253 -0.4769193038459789 0.3930921266611219 0.03310639587560469 -0.20498813178523947 0.055182488002598486 0.5017564308035912 0.38115786204420055 -0.18639210584663496 0.1370016664658207 0.18011901791429144 0.436680601531649 -0.16114168935538464 -0.324939844657498 0.1234676857406887 0.389178632426038 -0.3366122754155392 -0.3277460319770788 -0.4231021284745076 -0.3307342348642573 -0.42517365450895206 -0.42495843408786094 -0.4846095359752458 0.2743978329391148 0.20371484796086625 0.33979424701752153 0.297330975089257 0.08691237462052782 0.13129910008516898 -0.0034859443120132576 0.36249229482567596 -0.21591665592730877 0.041793161613001124 0.23003998897151048 -0.03987356674679613 0.11544230065194473 -0.07737793902283882 -0.0021821394312600707 -0.40052375040324184 0.31120972913222605 0.3489633975780847 -0.08993961665585049 -0.00688068009580347 -0.09922943687880503 -0.24181822625415542 0.23898536868374837 -0.40887823481223085 -0.044260107435739146 -0.08842984019080224 -0.3410160634392927
-0.003732160530285325 0.4491930692020765 -0.11793833086554344 0.21614457130278567 0.21516886194391402 0.42595311638804073 0.47810717452922574 0.40043556109729767 -0.24376183206080088 -0.04806742237796531 0.3319682787795986 -0.32948892673285923 0.1411377644502516 -0.4508078741271313 -0.03404253357977118 -0.12636223204241612 -0.2687771911551924 0.26834793431585496 0.017520944925977597 -0.09161512288783596 -0.12846082169260742 0.49323786733536157 0.11667560859549517 0.42870069295616503 0.31769529559084553 -0.31885915810955423 -0.24237303253722717 -0.06118278202897085 -0.2863927259400029 -0.14183130537906702 -0.4565081477387987 0.382168636302395 0.18032951417167584 0.23479060313935438 -0.28949539472050595 -0.15723377673374028 0.36106192640532775 0.3004291779529992 0.4285240708732087 0.052114874029088945 -0.03822959282898849 -0.42766550090076705 0.05375319248566149 0.20959489668338843 -0.1040901189622019 0.43861889715402436 0.2707205618712344 -0.19900640624227042 -0.3629720452323736 -0.13473479755131937 0.2813064977798267 -0.288754235032912 0.48661613219190636 0.006453913376174458 0.35896574318544155 -0.35589806325696455 0.39397923083299113 0.30292143074372363 -0.13015341761605062 -0.30076685096984757 0.026543141240695515 -0.42753750040393684 -0.08481876758358692 0.3310687352891467 0.10491769157638878 0.318182689757615 0.45550772886311125 -0.1661392193099581 0.44789468447219677 0.4845604852790545 0.16305162709210427 -0.10134509533446119 0.49031996445771475 0.28830189578332344 -0.1371330307728198 -0.27652428166755344 0.4004048671625953 -0.30987233160862543 -0.27155800095275784 0.24410115847681618 -0.38032728922833203 -0.34732142831817286 0.48301484605623746 0.4366528463807791 -0.2589535279919319 0.3741359627935063 -0.07771300784786248 0.14230685266940074 0.48205108243545586 -0.42529856295068497 -0.10358549550388628 0.23518448698086197 -0.14385848740633436 -0.021072544274816987 0.1332626081845347 0.47714373112900493 0.46215396900643696 -0.349101032955586 -0.3036978339226853 -0.2527392942781355 -0.21199999484502136
-0.13296478155242988 0.2773691492822196 0.15631048344685824 0.3070865169882245 0.16280362433376228 0.010905732115571103 -0.1777292136414326 -0.2034223067914515 -0.11388412290159589 -0.06495075477427635 0.1495877468667692 -0.5937342492903556 0.2851606983854778 -0.2218365010588751 -0.4298702716369854 0.05038085297177769 0.545053783996928 -0.3783951420166781 -0.004549066510218514 0.04199730160091954 0.09514246283363013 -0.28524713647075756 0.2440694465810779 -0.20532931871022475 0.3334235112269225 0.05367902436093304 0.3049577011937348 0.3971049090206605 0.35086340456351733 0.040997813618209734 -0.38466916826004705 -0.44414338368939243 -0.12659679817298083 -0.4905272472795166 -0.3938258735232443 -0.07795208429831875 -0.04688133311584426 -0.3597524526185664 0.16007211764334758 -0.35518413348098293 -0.08767942114750173 -0.25994464952951 -0.40582644514925204 -0.2348234495765485 0.384544418883849 0.4652211742269553 0.12795468390238726 0.0072311716803713484 -0.24664317708751174 -0.11788667162254857 0.36370807572897945 0.0011757339383054585 0.2533569284740488 0.12529612880876334 0.13842202965167355 -0.12446431458158788 -0.2518071445701167 0.3354577710055465 0.3075275844158162 -0.38353449430649567 -0.20048310885078535 0.18903715337561278 -0.491196383617163 -0.45181746431506126 -0.1298881603440407 -0.2889637145812753 -0.2825636051586484 0.14453099478887035 -0.07037911827554257 -0.19176938250169218 -0.4429355995916588 0.13777315769444118 -0.010163602994379855 -0.29519973990004705 0.16989531689982829 0.1304040703515629 -0.511400132624423 0.38932632414474005 0.13101635957798255 0.25951374808960515 -0.13306404529796537 0.37428264810859074 -0.04058691245632248 0.48066384633457104 -0.3503664288610696 -0.2393649137349487 -0.4479345609266308 0.3432840391024319 0.06897541565355514 -0.13659720304060058 -0.28726525768492006 0.0732359059973984 0.15909553440950805 0.42207769172268084 -0.21140873091174667 -0.11571653162955248 -0.10287552022034578 0.2780033811056794 0.48781193392203553 0.5900499203281057 0.5465212831248463
0.33121016744544063 -0.1054369897746006 0.05377016710167982 -0.4653290061436881 -0.07350450921384699 -0.2918396450794626 0.38027110166453093 0.3727964588709804 -0.41765685280366405 0.2800103752916474 -0.194628785795787 -0.2322534689482567 0.05331910765449773 -0.2665501559122394 0.23667807747453332 -0.136737208447595 0.3473109926872081 -0.0036367465686760214 0.2517897728974066 -0.29088878091829296 0.032999786994979 -0.3277159230387416 0.35163538991503934 0.004988570509905692 -0.05117801153665498 -0.41334540271871995 -0.006444372498912623 0.13278133217877905 -0.25135620340426407 -0.18960214182746746 0.13700408688410673 0.0764297733992722 -0.4020007276161484 0.40243700849831954 -0.48922741187912483 0.47586125237300797 0.41591450440276184 -0.32461171197730015 -0.3805540687761554 -0.3703943965885802 -0.4655808696798324 -0.3869222170349039 0.2611142646707469 -0.3217191990137069 -0.006591928851310532 0.4586342964818038 0.3874654893550782 -0.2423559205763088 -0.16013613148130784 0.2080512725643118 -0.39719169993983405 -0.39993963877111693 -0.4962357565003346 0.09314472200112321 0.4644057281732099 0.25784546198772856 -0.17262002002378832 -0.45976995454061537 -0.2552877815019671 0.3817772590119819 0.443589888265648 0.19355149656186588 0.47967864807704935 -0.1672184680055555 0.3529509543266555 0.4159993813220949 -0.03325879896904083 0.4182839466418924 0.21302197789346572 0.24297910813163448 0.0357957020143016 -0.12642698494464202 0.48053665497358417 0.0105100338289816 -0.09044862880955656 0.42562865466718386 0.2048273448922428 -0.4145316638995164 0.14405170010603377 0.24167822620707352 -0.27312827518873 -0.2535027598238684 -0.42330787762918415 0.21329316649168306 0.4182742788069334 0.293622243501997 0.0599968630560654 0.18239959815023354 0.21828031672796994 -0.31878264324238076 0.47356720260411356 0.338043055651781 -0.334862827366872 0.4827988793228636 0.18836508539883973 -0.4646852944662505 0.11197018620773794 -0.1304454446346715 -0.14375958669446842 -0.024806502552644296 0.22122621327149206
0.08089700265172538 0.02586947744849053 0.30852966886807676 -0.5178697761268706 0.05398094014003339 0.31249988803981643 0.2071361492445626 0.005478652473451029 0.08852905279921736 -0.11262465375030921 0.327119326936805 0.4906308051014334 0.1086974792039904 0.1741536121027566 -0.3298451707728703 0.2462404935530566 -0.4842411917742614 -0.21652993019670475 0.0687021420941562 -0.3423748166166474 -0.25051670651289937 0.2791388963233182 -0.08452574529581211 -0.10661033535977783 -0.038676792604833074 0.191138281248656 0.19477556320566625 0.24208532321188667 0.24220604225510978 -0.19343541205650897 0.31440992003589296 -0.13396338167531546 0.23526294440342457 -0.1412240517353355 0.411247582368994 0.20782302045665055 -0.3822931493403329 0.23198068386902143 -0.286243540956871 0.5200678005225713 0.39993063794701256 -0.05812916489386246 -0.12027305102255607 -0.4325816628878835 -0.418179627381723 -0.43905470859968027 -0.24373208958584847 -0.20917587400234441 -0.126157086782461 -0.3064322984728183 0.2371611593090983 -0.4273152828906955 0.3404153178803809 -0.1345452856872769 -0.19461105043182708 -0.08554902620662201 0.19875155124009897 -0.061163480742627625 0.30122463210256584 0.13046700458224528 0.4610412978252938 0.10558002656459946 0.19487305424634338 -0.2228241724700447 -0.42292166928369584 -0.0012173893087217612 -0.4615596963771343 0.14485469411759946 -0.029890974890000498 0.11243516086588504 0.06303938409319171 0.32861464968914555 0.1314972246311841 -0.08642385899173459 0.14796291930850075 -0.06777603707349084 -0.0949746371031166 -0.3043663839982004 -0.10655327527349026 -0.05670472802268113 0.12988119126166378 -0.4497911467153473 -0.29582489058653577 0.022106311207794833 0.09093384524011755 0.08007312575174663 0.45656895399866476 0.10566644934438069 -0.3897351076149561 -0.5281224265059324 0.392388764128335 0.13814468016091025 0.12395449887688363 0.28231932940076293 0.13727419187885959 -0.43980500773507464 0.08491733483224902 -0.38265357894031893 0.3424769049421012 -0.35325872086247734 -0.394071208551621
-0.3287474138899672 0.17591336331378726 0.23441772297322636 -0.06484727959964712 -0.3374880697780301 -0.48152064868910327 0.37649519064064557 -0.2168732349628793 -0.3069594525508807 0.0698803361451413 0.16861343912452117 -0.4304331767414328 -0.06881608283486897 0.049033017821527115 0.2638585098984221 0.09922518972662968 0.46659592909665515 0.031181081299558527 0.13050420676945793 0.2160616716506661 -0.34172710448440485 0.24722638006457384 0.302611393908094 0.30114421084007553 0.2906088730808089 -0.25539527740156037 -0.32634112119843134 0.4687677983885245 0.33322907869115864 -0.28595513334779477 0.047790144733879596 0.30951689503068525 0.3805064506503725 0.4292289410557526 -0.3989639911526407 -0.31401266375846837 0.2225995753937489 -0.0936368788486466 0.30782064012498306 0.3241086279155955 -0.48559848442365466 0.042960532594913066 0.16059687904308617 0.2591151762341238 -0.479402638236371 0.23787288507705082 0.46858333070176317 -0.4745845111287478 -0.2985089863591109 0.2743474105955134 0.2625957616751776 0.2302459703594561 0.4222289219474668 0.30924784857811743 -0.1284097807749129 -0.36403432765076743 0.27412678896274145 0.25608923004250367 0.2621549208889869 0.37152331073183714 -0.28026244861903327 0.18639412261577745 -0.38030662214660144 -0.22455580706574246 0.1422528642137765 -0.20316500143597624 -0.1054792141527692 -0.40843998216997257 -0.49329345374109007 0.022176656124795233 -0.0762137859995616 0.4938256351285805 -0.111506787375603 -0.4508238259724616 0.4374113922526974 0.19938728994576962 0.2535879704619927 0.17204322250871681 -0.22521071053115743 -0.29780512503014206 -0.04656987817987296 -0.3130933938836487 0.11623382486112961 0.45543786482851795 0.2897727830751786 -0.29378370732783826 0.49112224416667855 0.03505665415209071 0.30091993009025214 -0.31371175084033304 0.263652865518704 0.47602929246501885 0.2654007498975377 0.22164287747744776 0.4963332870313273 -0.2335795860888865 0.22146395970301444 -0.42007832224699665 0.051218231859886214 0.20641335838758396 0.30655436756366344
-0.19037618607382237 0.3501905612713877 0.3294482647855676 -0.151123513977338 -0.477066398409946 -0.46306270029185115 0.4318232451644111 0.07509757783696289 0.15700217433545127 -0.04205943092286468 0.2587816278372315 0.13406192544828474 -0.32282368233258063 0.37584691497385536 -0.29126033227307313 -0.30885737663688406 -0.30251488897835743 0.2852805206467364 -0.3457978813219365 -0.036868597919689584 -0.23014593842307618 0.4196757460001155 -0.47118071246384985 0.08958479280477172 0.45176786158513177 0.19500195860802289 -0.06310406913260035 -0.4473352730457973 -0.2558556059582589 0.27644582789119004 -0.2773180447837525 -0.19059884795391221 0.20388527827828995 0.2844799373516315 0.40438879239183145 -0.3028518468380468 0.40658347995596483 0.3261274408589088 0.485795093650297 -0.07631166922255676 -0.3075900228029652 -0.45275671504114484 -0.49139095252343723 0.3393652607647266 0.09257312561299717 -0.23687442966078248 0.26961144340575277 -0.44919395547489444 0.4070870242378522 0.43310960328171433 0.3444016916858824 0.2471277443312932 0.48558119185514165 -0.1526969864985087 0.14044648311897098 0.25569234941203106 -0.2665361326976999 -0.1519753784053258 -0.47154136819999426 0.198278588633513 0.2940815523014592 0.06444166106839701 -0.305890320087994 0.4215283416082052 0.033966603383809836 -0.3404361818109014 0.3585448546821119 -0.055535958196966245 -0.3893529642497799 -0.4806974849166664 -0.09587213029554274 0.0935081393796212 -0.4892216146600451 0.11856703662399905 0.2577690886074051 0.27722795628802027 -0.3819353101492553 0.13066945962689824 -0.3368341343709545 0.25513249517712117 0.004592524592249534 0.1776656580237524 -0.476201450047753 -0.3075288114108613 -0.3716759309776169 -0.4299808259131499 0.4553540431653707 0.2656454129454702 0.3211531630293433 -0.2902047890781898 0.08547200949490139 0.08096734223504998 0.10197133560504257 0.4072468031716505 -0.18800272216971917 -0.2515918121394063 0.4559341908529272 -0.17491304952206102 -0.15565436270585847 -0.42705879124508905 0.25446387363084283
-0.48148649883239764 0.38121317598755905 -0.18654158436794802 -0.066649753156953 -0.003395667676136714 -0.33703308508988455 0.31731911667268187 -0.3005449992577614 -0.258441971238274 -0.4831341072631635 -0.250978144468292 0.16106331976233795 -0.0038291761094261675 0.13891175989316615 -0.06474619462095862 -0.2396804280381288 -0.3934222524767153 0.12232725585518055 -0.44305399605110407 0.23913943132365112 -0.12637736570006966 -0.2784028100919071 0.028846153285696702 -0.23213071483869632 0.3286662137333384 -0.0013791635655474356 -0.09931148702658259 0.2642465051904499 -0.3379330306601577 -0.3222956412792538 -0.22643661702719844 0.4222494082303501 0.45008467436821686 -0.29924989185643314 0.1286487193464066 0.4172056202501351 0.08918993705378614 0.4852812073502704 -0.46817589991919356 -0.3495885669094239 0.057353566106473505 -0.08649961845169428 -0.17738082881584272 -0.504680016467897 -0.1444654196608793 -0.09329495431722619 0.28819427143345516 0.3188812435857839 0.09746403242254563 -0.2532427006046086 -0.3044142573425419 0.04546230279695898 0.17739183347532894 0.1209293871313176 -0.13932410058380928 -0.19677884530864093 -0.371996502618861 -0.14406829396984697 -0.05785547583035421 -0.29127839735601047 0.24833673708121104 0.137949885201239 0.4002740279194692 -0.024899468324686334 -0.4557814345573713 0.33811981127540164 -0.11125466216184828 0.33110230904222593 -0.17778032216029513 0.479631603752716 -0.05683700177373352 -0.09697411516676681 0.4393493455518531 -0.2653302207585599 0.02848623927179248 -0.32431490543637626 0.1342929675314655 -0.1150058267012728 -0.3304914148022172 0.013672494465889555 -0.28921493769960666 0.29400498714892065 0.44501848126295734 -0.3575393888514811 -0.4012164799132028 -0.41759969236491423 0.08553412470484933 0.2738652722414916 -0.12734438831764383 0.06874628738493994 -0.2735362355687793 -0.4968480213844238 -0.41019857672016147 -0.33940701532701945 0.4456798027438411 -0.34604219618756665 -0.3543276078350273 0.02721578991186848 0.11344067241703563 -0.02074747713346949 -0.33698809085443326
0.12970930275874543 0.3296177199313721 -0.3170644936260197 0.4642090612329472 -0.3694798425979574 0.36292176229110046 0.3343190878808375 0.24234811018674599 0.1247189011526979 -0.29201690367200356 -0.5076268712173694 0.3855288192101776 -0.041556328944457425 0.2774540957428718 -0.36062929834249907 -0.4971185102660465 0.318307952000133 0.3417195114690279 0.23368856680858202 -0.3290728259615045 -0.4564525902810419 -0.13584435926508792 0.067222070452929 -0.36530524283811644 -0.30333643970863705 -0.03318302170301188 0.350235090416159 0.03134480889561068 -0.3478492954339701 -0.3272563092862624 0.07035714037444442 -0.35441518372186487 -0.42275665171439086 -0.08649356544611708 -0.26859269655341145 0.15044475472353852 -0.3417384500951822 0.35699116588994523 0.3869361750231671 -0.07971570726548684 -0.20152050877642363 0.4126418585237485 0.44924049901941204 0.25956515078124376 0.19160830176088559 0.042992735950842464 -0.34647100767884564 -0.4613767042439095 -0.10283399099103085 -0.18789346540288254 0.017217574998014906 0.035789864407279784 0.2121541067810814 0.08545909238770777 0.019751411351794656 -0.33586027993307005 0.006476179570272885 -0.1454672698847519 0.4958899267565374 0.45573568293772765 -0.47955135550265615 -0.1287881163884037 0.009820851713387797 0.27086966327143486 -0.07595761049848318 -0.3314994118756515 -0.3471881289263669 -0.4027190633866514 -0.21106480041125017 -0.34935389088322977 0.04833759943281868 -0.24258413341171917 0.3900556349698498 -0.3929633354250389 0.23225787903838357 -0.15640834096494582 -0.06824079106541499 -0.09660870086555932 -0.08327826813592581 -0.49084164279810827 0.4732397280164241 0.036963487375402 0.12393477710861858 -0.5050364052351022 -0.3788582497767401 -0.45694246334801325 -0.2930230423578783 -0.5162960390081343 -0.3435372343768528 -0.33892885907082854 0.09254009518452506 -0.45986769288620855 -0.3393897068455906 -0.17782635138165945 -0.01446043512092565 0.44693638902191773 0.38335029367049356 0.3985778757337566 -0.08887642659484155 0.04212217395922506 0.2954353106509272
-0.5021439260306508 0.16473738752783193 -0.3884067325360809 0.2014160998644772 -0.23323491402533172 -0.23753220054109173 0.4108886504374618 0.22011365359104376 -0.3270726654528065 -0.4566135496778537 -0.3589299824212493 0.2215928228557006 -0.4511130070589669 -0.08191497179651971 -0.36032301236990005 0.42503518228222126 -0.1910008629257217 -0.2645517469450632 -0.16492163413722613 0.12160874997730975 0.28550062747059196 0.23476759198705324 0.16298005142215766 0.49365670047633314 -0.4210482236025348 -0.1970594546265131 0.0037462373059704065 0.3494623294309635 -0.38637261748242147 -0.47040950764363304 -0.40852811971247593 0.3358808134587373 -0.1889991970556214 -0.2413022729395465 -0.2776777401163456 0.18974590191669322 -0.401264932169657 0.04460610623407661 -0.15553217742494338 -0.018460402245103657 0.06450566128289217 0.1839952210715721 -0.06925738673739408 0.34226711533710613 -0.27345150790778194 0.2306752054235192 -0.32887758857418276 0.22820616189034304 -0.19814724879368656 -0.39980484894584195 -0.2521644833843759 -0.16077279778918938 -0.18899636682132667 0.22278076919435508 -0.4358775444852779 -0.11344550022381077 -0.25840987890020894 0.34086964558125293 0.20519757472025751 0.13794789531736226 0.2729323116830043 0.1727318593597886 0.11435890521653176 0.23809143500329738 0.04045233846688825 0.10066920923820763 -0.29881746539615395 -0.13120900154873305 0.04909604056665183 -0.06728820598526933 0.33374447405764773 -0.011762756239983902 -0.4499608744678881 -0.09469104771775964 0.11835503689435826 0.011191205991532761 -0.31662165394355296 0.4044067782967614 -0.16580882035539385 -0.3144861062323366 0.011599815232608194 -0.4638418059448715 0.2653184759229882 0.3983558233279123 -0.3704020354348365 0.1518680926593121 0.17774051403662852 0.26858578842056485 0.3657133040151732 -0.055083925147235424 -0.3786083632322367 0.13105066596030965 -0.10450445209813561 -0.1200844366401366 0.4473461216654926 0.4459461827316709 -0.14689004813041545 -0.41303294794446266 0.041308350278373165 -0.4511806090752541 0.17070642378647405
0.39760138886096813 -0.17744262696583216 0.23837709556143383 0.23726376746483666 -0.2448606502680235 0.4575308577805768 -0.1685839152700422 0.4424036563910635 0.32395139403814627 0.0589462993645412 -0.08298245923455634 0.10203760861717788 0.19826372515238674 -0.20714431245570847 0.09990911284316271 0.4495614486589604 0.42827610577896064 -0.10241733872203597 -0.20301872327926257 -0.043702623953375416 0.4931127584376821 0.24787252250568906 0.4244251910113995 -0.06395863917353764 -0.4199998288163551 0.479626491515445 0.1420262655694281 -0.4089401375816781 0.3596803591476212 -0.17986600184022916 0.06618496298187578 0.07964088861473666 -0.08417398797804736 0.2577822197674093 0.464538040117094 0.1282463542210184 -0.4764027895946196 -0.08152672959476853 0.1584759843726818 0.4924822941566493 0.11264743190965294 0.19485481054946885 0.15779034619883048 -0.4074940978695205 -0.3823168142560173 -0.06257890097069717 0.3768758166495943 0.24514745445492173 0.2261099558312451 -0.08908565880221855 0.43385853937510455 -0.19358663117826935 0.1560361970056486 -0.26120979196264243 0.32910697005554485 0.4097227068812215 -0.2757365745489072 0.18346067163406357 -0.09265999250808522 0.21130432622647088 -0.3687047281340672 0.4248010089653732 0.2592768501942843 -0.003644484179882287 0.1118288892448613 0.3749820672486506 -0.05542488555108518 -0.4763050829816706 0.13253576773651904 -0.2179291181287322 0.2757943282790525 -0.4404269423409187 -0.31311336379227833 0.05597864660784312 0.3529490787960003 -0.07038116017739181 0.4376761054608622 -0.4962759639220504 -0.24468304091728074 -0.3831179825936644 0.3231095074150536 0.25289328099868086 -0.4737743144767666 -0.29628493781943505 -0.1373911962522259 0.13229292159743208 0.3409056910812215 -0.360389567395061 -0.047251052860573954 0.0887585869286389 -0.2297349463063137 0.4708389025143573 -0.11772084645903488 -0.09326463648273366 0.13450022411795354 -0.25932206821999343 -0.4282965592699579 -0.45994161683046625 0.4722862823992614 -0.21674678052352503 0.005274803047170693
0.3024299073825678 0.11880570976381663 -0.5433802789193479 -0.33692844293385515 -0.20995369410768353 -0.5370960848867143 -0.39244576158007943 0.32401352229061814 -0.19362753695855547 0.12233334560088106 0.4883662437654394 0.09105382463395154 0.05363012718328126 0.08860294567185815 -0.4876089986218485 -0.12601730964970287 -0.39554969616747304 -0.4880483163715788 -0.35295627061808255 0.3179317093069195 -0.16780284180446542 0.41579045318652275 0.242546220627324 -0.35076589168164773 0.31458284107731493 0.09622761267789667 0.4331839674471141 0.13224104273549056 0.11757840616303236 -0.2986102655086239 0.23326378087919347 -0.27757320601972985 -0.31158047583171955 -0.16848251372136228 -0.30285806648276226 0.04430657225881492 0.41442063523404016 0.0897854317636692 0.31401565289951305 0.33209804689278394 0.3989643200938023 -0.13490017770097204 0.027490362858381245 0.5055680165261529 0.4676380529687378 0.3667913367219603 -0.5078776763333109 -0.4473159140750792 -0.31118084625219133 -0.20221243271293224 0.12481904184905801 -0.17709029364066356 -0.05758018968556737 0.27216905265878205 0.07079321594536102 0.03421059474628054 0.1213165814654622 -0.3889752618453524 0.3278028743177914 0.3307821257107156 -0.37796604378486853 -0.1957671571614339 0.25385914626311207 -0.34478597172010467 0.05264457788746469 0.09011618242327245 0.1322125145033855 -0.0756513545804312 -0.3749629181974193 0.4096637620379727 0.3893115519032015 -0.3619010248862389 0.13070642212116482 0.3427088344919736 0.35664166643452105 0.3061658376224531 0.12269925868123976 0.37866121998035673 -0.252587973903577 0.34677516427492733 0.3152766893936458 0.416837122487369 0.31016659509690403 0.08413772791698948 0.27193529707848463 0.3838048850541495 -0.27981598469083324 -0.13988982135139583 -0.09956517974096123 0.339913120837376 0.0378131406497987 -0.5497591431026932 -0.2373347960814877 -0.1664068467634928 0.13149176938591484 0.05899177984049048 -0.10841364543089334 0.46299251784580087 -0.2761660961440085 -0.5731486966836092 -0.38323204631802016
0.4425978881630764 0.37189482735734636 -0.12223868527355808 0.3225993663561695 -0.06084113266993273 0.5103683296436032 0.26825055018145966 -0.2641297281817307 0.4785737674993469 -0.1720804742369302 0.10317508082825637 -0.009193247014410728 -0.4269859521110109 0.013509347592900098 -0.2563259561101417 0.08652063809631089 -0.12933409973708893 -0.045043252792053755 0.11814951916773021 0.24274292898512317 0.3174822917897474 0.24683566485714506 -0.13710222159182317 0.23782356570637744 0.291135702077011 0.15755866297083704 0.279665280184804 0.004324099471222355 -0.26407680345030815 0.08048946587510204 -0.3590018520932844 0.38698942438916273 0.1843210213843571 0.08729157427222432 0.3078349471504504 -0.05934174210397331 0.2616976876266814 0.0661332096404263 0.03387314154927105 0.04834678687198868 0.14938558220737397 0.26281498166852946 1.4593228580766715E-5 -0.051151563272030055 -0.06565349405018357 0.1485581272569366 0.06178644741184873 -0.31600721603172727 0.16306391578982737 0.33635462292279605 -0.35305658827014447 0.2822802183430597 -0.08532042615775373 -0.3487041961355734 0.27232104181993694 -0.3302698341373163 0.3375801715228011 0.2514358736370572 0.47149231596780966 0.21178946085892272 -0.26693417065490105 0.2611717628395948 0.10231160596224675 -0.1760784021443251 0.09022260537400234 -0.07367553420486185 -0.4014597720026346 -0.1354249578477207 0.21623907266273634 -0.4187833488123752 0.1895548044662046 0.01904852679959201 0.172508356979454 0.21172052032316632 -0.33168346922328645 -0.2975117133348394 0.23992519506710838 -0.4768965356873448 5.498556784062145E-4 -0.457530347769614 0.3553047939767555 0.2779622797997224 -0.19995280512813865 -0.08681052360965244 0.2167765794976151 -0.48536715583969814 0.3573442113809105 0.1708966666240275 -0.17048470043475028 -0.268759436667953 -0.04257659236960189 -0.16033847393651532 -0.16329732404381034 0.003960624035644156 -0.39148946321206135 0.07742917587934665 0.01668460509908554 0.03596440894823124 -0.36806003825768113 0.5068567810452953 -0.11338555587434486
