Layer number 3:
-0.16778294805953667 0.8028759534541202 -0.3510121651334749 0.6160849803639408 -0.7455985903327016
Layer number 2:
0.3157099563313423 0.06968970877520515 -0.030276677389372713 -0.19433207465582025 0.02773762741186463 0.30172644410368693 0.7134314439270895
-0.5212751493187924 0.13326282462847705 -0.07484339300943285 0.18950839843074643 -0.3727292362823376 -0.33290641694903816 -0.21776473024992166
0.014519283487219453 -0.34978571414731646 -0.41388820306438917 -0.20595464312205822 -0.045473815631933964 -0.31431444066603853 0.6199291982072229
-0.5145805324027592 0.3593266853724102 0.15219936710077406 0.4815598676176717 0.24544118391593703 0.03504800393991262 -0.5755185175173109
Layer number 1:
0.3073742114089221 -0.29697395224511597 0.3772937215804987 0.2634982456521242 0.09107479512863789 -0.1720596394196158 0.17443383213244792 -0.10109701896626577 -0.4280211394158134 -0.0933677369107535 -0.16209453905666998 -0.1251923805498847 -0.1578232888473092 -0.3674593969791666 -0.3453127907088755 0.31649258577120215 -0.29321652025890843 -0.26999303608233244 -0.24197163378668932 -0.4715165177269751 0.2668142900056681 0.11925554737250225 -0.0152872378211122 -0.39590686212388587 0.06152283518895512 -0.08650100662685496 0.1561760759078004 0.4951257381201956 0.3375367755941393 0.33741154372751014 0.03381166301821996 -5.48205256281433E-4 -0.36833099620116355 -0.3680082895562785 -0.0700768852192208 0.3210299677505763 0.4674154717336369 0.26670640257255673 -0.42759315913331414 -0.2645429374529794 0.04788487154008972 0.21555035907668288 -0.11802942138470268 -0.525080351039499 -0.06956637811265926 -0.2401919628333199 0.39341104240537217 0.28160012418117 -0.4090179200542947 0.3140496272401232 0.046037473701628494 -0.06487858884285007 0.18607684860264082 0.4410938304736945 0.17852199321946421 0.01133312924448448 0.4440244234647161 0.043447759276632324 0.09160798739530382 -0.31466443063570476 0.04728162752213972 0.41382615799196204 -0.09300620751769366 0.10414093498035347 -0.4187477122696321 0.10536407045120967 -0.4744307234519255 0.19350605575866858 0.07021627343366685 0.4799699426340853 0.25128029844484645 0.0582662391402167 0.10850479586002326 -0.2750691420351022 -0.4395730446840655 0.3001593638106839 0.3703581101251971 -0.2887916308141837 0.19689733678547608 -0.45952968737966243 0.1431070094257401 -0.3984900251848293 0.48725656508224974 0.4111460696164344 -0.38790776669173965 0.2618960299297298 0.10856977853661402 -0.16775888029729974 -0.33641229291355645 -0.4811316317622548 0.2442417864641364 0.3316742681178656 -0.01142893388030991 -0.4429733827818066 0.36012122893875903 0.18986047435500691 0.4509708523851384 -0.4660834093720445 -0.3495457088329612 0.4798073186233735 0.1857439868452359
0.37662476281694185 -0.36611469784029077 0.157827701130419 0.34357252057857146 -0.42755397482082574 -0.036329147079448516 -0.12495763223623692 -0.3949017802116261 -0.2320435011552699 -0.16113669532941136 0.20301231399101935 0.34258069508101074 -0.0482055278558274 0.23526168301472128 0.31408025906311865 0.2386016944285778 0.4101757987316783 -0.3145990541527025 0.2111201637042239 0.2278485699256403 0.3512561169001564 -0.3997422304062739 0.33364952298843237 0.04823055502300795 0.09164328375159872 0.22565545888937863 -0.34962002825073357 0.26017128743130635 -0.4680134615407614 -0.04368343869445466 -0.36272314630277525 -0.39979373397420953 -0.5243779698097168 -0.20093921676017498 -0.18231772603731053 -0.42094480513107385 0.11536816635455682 -0.14617969127958247 -0.4328222985148686 0.40899787507864976 -0.11896847170236578 -0.4850651474025647 -0.42504401110252527 0.27606802421723603 -0.37484840797010827 0.37942428049255755 -0.01902342581756888 -0.23173739157177559 0.21344097390278108 -0.10496956100680695 0.36616196147676566 0.0500251382616509 0.142159500513927 0.4430218388049437 -0.20239214604982822 -0.08713898378579957 0.02867338893460904 0.3083871359416852 0.4173235580736039 0.03764108407359284 0.193617209164062 -0.14137141077523183 -0.01417281809426767 -0.3198107631740472 -0.02914147617618673 0.41042482415913517 0.2219209377299015 -0.33698460543303377 0.3878149040249047 0.2338646544125796 -0.008132495650574785 0.21904027060437065 0.19751901105215958 0.2556105176603658 0.308907784229984 0.40083832565664435 0.39362555360606116 -0.4229041357929134 -0.1768916819841937 -0.18918364280661865 0.3302046533078885 -0.2878163396390085 -0.1514553206876929 -0.47368865762110546 0.12335778724282942 0.43140011991395477 -0.39605899566896813 -0.43208621987255297 -0.4899286229948095 -0.3064240093612734 0.0940324709222257 0.28107041757578294 0.5130548588994082 -0.2581405049157078 -0.11493406942645155 -0.25031523961488855 -0.33631384745033316 -0.43417605074462184 -0.18948310027437415 0.4759332255333511 -0.24771511240367297
-0.0702507155315561 0.04148173695360682 -0.16824234665460275 0.0033514853277476476 -0.20524202096819727 0.258187602408539 0.12857263226708643 -0.17283924123331515 -0.19199034313323665 0.021469716752481466 0.2607643872241391 -0.5527478487217666 0.3843780922059035 -0.46386974793772545 -0.3664157007629205 0.12364405986792444 0.026498659647248925 0.5261131851640886 0.12152394715796268 0.3797702961370052 -0.1703757129254399 -0.19283364477325543 0.34626487871035405 -0.08386588215918644 -0.212704798998877 0.08301606511562203 -0.32071295924259063 0.08066492781001475 0.4922545043616799 0.18867793308888023 -0.3775540400736777 -0.17746009322723105 0.35459795370215397 0.41345122540527834 0.3376973560962788 0.3888911158675154 -0.04254611219757839 0.2587384020266811 -0.3087962652211465 0.4266428964726321 0.1006218054905761 -0.418545373443761 -0.49720443319855206 -0.21411069760423848 -0.046825750959810425 0.1393209458440881 0.22800460370256015 0.4106494443326071 -0.13139087920234505 0.41858585794838865 -0.3416226427208347 -0.40910726407654724 -0.4461509067345454 0.4684235991442253 0.18522556900754558 -0.08093531297277572 -0.3850856813823724 -0.08609967664563539 0.44345275870470263 -0.29574183580440444 -0.012433086869597742 -0.21629929306184045 0.2976854446645535 0.21463438878289723 0.06240312384012304 -0.2667182031102687 -0.18400949092744293 0.45548585838227074 -0.14544885250781536 0.26706458613865364 0.3728655851692873 -0.2050030499382684 0.29839604851765794 -0.06906680102529965 -0.21249524329256753 -0.1995809357041277 0.025691691192015233 -0.14315305543129497 -0.2685149526559486 -0.2447497409334297 -0.3071581968933964 -0.36061613776220913 0.3173741612453308 0.44476910031707334 0.19944777260907068 0.317225819117675 -0.47128144719491805 0.4432348168601859 -0.24427745766723555 -0.15085278757684872 -0.39120987478148467 0.5160876114050829 0.4924012820408808 0.37216594021076743 0.4389276013670912 0.03917085622779945 0.3152235501870508 0.1862963593929442 -0.09420890054692559 0.0027906840870596575 0.36050373082617476
-0.07587738990435496 -0.24148948878451684 -0.017149574089738436 -0.2065703351034956 0.4040396559269042 0.28965875355772513 -0.48723227580746636 -0.3603114036151397 0.3150941485166888 0.3902414869356684 0.421260496194409 0.5273959056014532 -0.15619916150225144 -0.06346466957228336 -0.2537144187234902 0.33395843924827845 0.1683043808265556 0.323112506139481 0.31761320808998295 0.4645083610399116 0.21995705682720249 -0.45167845689168584 -0.3945354368211853 -0.1706048628995036 -0.012267382546728883 0.060939671141673146 -0.17893871565657077 0.14307639732672137 -0.4823041588071716 0.4362605704086508 -0.10488424135657945 0.2620607667203678 -0.4695846508879963 0.0010468070024616566 -0.2841372386518937 -0.14619240231904912 0.11026321930501339 -0.4688026983474579 0.3227323669917715 -0.10304216226483426 -0.16164018819917883 -0.28847432797309686 -0.19598299713958273 0.31779267908851155 -0.4482989747627649 0.35801057193458785 0.0739765324236562 -0.36055933338638213 -0.25547181845496836 -0.2205752250237174 0.1669902183026127 0.12083460883649924 0.11254074091698985 -0.4927756836911512 0.4319824777526793 0.059351208247029344 -0.32867500988845527 -0.3361465621706567 0.3647460291790128 -0.20221263806464282 -0.19308586923763854 -0.15363827169726008 -0.12931462129659946 0.13967143217597422 -0.32843076225642287 0.262992595494957 0.006518722962527976 0.4071758021124661 0.31523693430881305 0.18591757394291686 -0.29227658297669423 -0.24147128259952638 0.3944868316910666 0.4690340211387719 -0.4203145894889152 -0.4453832013335473 0.16724139149152936 0.0920991522327975 -0.00993996702142867 -0.198091125276396 -0.42215073463391467 0.4297120142725083 -0.15122200808248423 -0.3910932192239461 0.02959209336782038 0.45394153376331164 0.23394703280524523 -0.06905635826583408 -0.3402346767325425 0.32963485149199057 -0.40288347713343226 -0.13141184065596057 -0.03484920877594985 -0.4420174303299442 0.43156662272746626 -0.27832663264701235 -0.1649636871283121 0.23774546515543385 0.4485984984346916 0.051805084923319186 0.3744416873625389
0.10885482166312632 0.23318830337279417 -0.18178615860517167 0.096571001584535 0.11081137859698739 -0.1003582949672554 -0.18630038892973985 0.3420817704968121 0.3961425744009453 0.25653612372257734 0.04464941887603167 -0.3526771789640711 -0.16682028663370005 -0.19702414898184178 -0.14860851575450315 -0.1735736485862762 0.16674503989526002 -0.059775945050409375 -0.46414066078470456 0.32844753285184125 0.1259101897103868 0.2727610910172217 0.3849504537040352 0.4646250596384576 -0.35664692932468545 0.491221489453447 -0.15420345540604063 -0.03289772909427052 -0.094436956693675 -0.4778103466654963 0.10010769500191101 0.10020216463756154 0.09048260605613417 -0.23073588947548077 0.2785061691299391 0.3168853215113639 -0.24770495637395396 -0.38538910922830755 0.0788157669772222 -0.14004186407057675 -0.01811178233368625 -0.05108950298012962 0.47363296129593024 0.37331332344309537 0.2925967146660794 0.20036666044724769 -0.05974971698208367 0.1289026243058 0.01203809967902188 -0.21351376834745375 -0.12866117769300942 0.1594880156546964 0.3762197995121476 0.005028327609394475 0.4551947625559189 -0.22728469974493254 0.22996541256267916 0.3179871129898181 -0.15964662515911696 -0.008566418110281799 -0.21446371433845832 0.1702076628322962 -0.4821786151317993 -0.25125922577365173 -0.06767615224722005 -0.3385877454990379 0.08519540551979932 0.4105119691294397 0.15985220293794622 0.23391758195892892 -0.26219194967369747 0.3879925260767821 0.4000121607816504 0.0919046865005525 0.2093703027155707 -0.1716091866400354 0.2693939318531516 0.0033969381107577653 -0.4865631716673565 -0.28286778402772744 0.46919201394537297 -0.4413330112332288 -0.15734846525239643 0.2585502719732757 -0.2255776179797062 -0.37979575879166405 0.21905432023566843 -0.10954592089767211 0.41305085567584626 -0.40622327984421075 -0.20972988979206367 -0.21715054919141244 0.07847782452906418 -0.26534782203504853 -0.2973214157235305 -0.024755393986334997 -0.2155672785865636 -0.3421796573131728 -0.42479808281841336 -0.2926937352804368 0.2826714356642156
0.5327366610893858 0.28089721347476293 -0.3017780984374254 0.10472008835811536 -0.15700038684700057 -0.17354637789642757 0.047290499191732525 -0.4483747173197707 -0.3383322320941853 0.3215846313775951 0.5549771390564515 0.345674774852169 -0.2983775367312728 0.15056975033663145 0.4187876599420991 -0.10321357137182191 -0.3766703963916898 0.12461087404148007 0.2710530280187816 0.13458350756077703 -0.1645894998096165 0.44096742175846976 0.2579920920723013 -0.34035135503421404 0.09228078425327685 -0.025685140270973558 -0.306660274448872 -0.03752898978758262 -0.3660763531699187 0.2699397159804483 -0.15324063867380885 0.07787350121522901 0.18559850752370924 0.3442698110668755 -0.157354755206924 0.019311126962201938 -0.1346169881127489 0.03945853562493963 -0.2292310591800011 -0.12431181849309253 0.039513979137870026 0.1492950063049917 -0.3241870990642346 0.4533776566770172 -0.3714628086650629 -0.06959316660245622 -0.3534327828447315 0.2422912725598374 0.46555521620649853 -0.004443573296669929 -0.2140045989309568 -0.09270941093006106 0.3804340612884639 -0.401967402778591 0.0970624935552328 -0.33730929322791664 -0.08900523025316431 -0.11801277376562101 -0.02781978059957687 0.508430382019871 -0.22259588119791676 -0.2942454431622207 0.3865907956686053 -0.24627268849100536 0.28620423212988616 -0.1684967746196263 0.11203260298743181 0.13653587562693617 0.2519307219197186 0.22661970136787252 0.3927926797750004 0.24751804011205084 0.32839381888953845 -0.24719364531954738 -0.319533626092897 -0.01288262746017346 0.2087556685717061 -0.46181173034479783 -0.29565472135193527 0.03651755101383804 -0.2415803017131639 0.08498662206009201 -0.13818339220213102 -0.2512815095316617 -0.3174456947687805 0.2466251584578183 0.2740957474887355 0.29351861092767545 -0.1983976339069821 -0.10705326396457228 -0.24144090743740923 -0.6179130181040763 -0.11701147852521071 -0.20790897278477202 0.12107650432525997 -0.32383891591618347 0.026746618749163856 -0.28568759116797837 -0.2236599587067993 -0.590355423602872 -0.086959022529277
