Layer number 5:
0.04849300811944293 0.26830178175939906 0.8178927724758229 -0.9239785121210796
Layer number 4:
0.35042614650676573 0.24048153997082716 -0.012566320684860605 0.20470227036509775 -0.2460275320201192 0.3406032988971308 -0.08297356668974538 0.2521446402489035
-0.009316608118058976 0.0604335417839287 0.14880896668748478 -0.623928899323707 -0.4351301486568025 0.5878434231418904 0.42829280160691885 0.12809492406133088
0.23672829201698795 0.025503487003668963 0.30166223518204227 0.3862677467956277 0.49315557585502395 -0.3876052566550141 0.07133191321039492 -0.4888690653664027
Layer number 3:
0.08111753971746481 -0.12598342632902895 0.18191550084623256 -0.1866498000316174 -0.4220717967326518 0.1805255873110525 -0.41405183557503433 0.32045289577798974 0.04573787875921117
-0.3241484602005424 -0.09951913346945482 0.09451862390028426 0.4132313109546806 -0.3807681206048099 -0.1851217305917349 0.08845830414482576 -0.47334805430273197 -0.28953997525784486
-0.04658898908370184 -0.20808095573203872 0.5899855526143986 0.39345131845723985 0.05225829558801711 -0.00619513736564347 -0.04967009126206857 0.035444579864645796 0.37318072973744704
0.38062813733723044 0.3056953858719342 0.2089879999682352 -0.32294660431738315 -0.06930444993647238 -0.441734360879616 0.4466065857502271 0.2845600650849504 0.40370687496373925
0.05589623789033303 -0.16888175379998724 -0.6532443854689625 -0.4028579610231439 0.2669397967633424 0.2576981227656819 -0.013972483726274113 0.19639129043872275 -0.5292581958771777
-0.08484603109620362 0.4281151298007105 0.12667560639029396 -0.2744027201514687 -0.20354608984282493 -0.21782048650762262 -0.12546301942924618 -0.23573141134498715 -0.02849339460100691
0.08526540662811831 0.08428461888416541 -0.6204282468160187 -0.3095249518792331 -0.34563838574072614 0.1328932773017969 0.38278462977868144 0.022761725941927647 0.32666620919319783
Layer number 2:
0.06635993612957698 0.17953280226832422 0.26058111454739386 -0.03139131066100885 0.14509169859884719 0.28965774345154444 -0.32799963366758655 -0.21342555956087944 -0.3561546128097943 -0.3612731838509769 -0.1987248485188156
-0.16364766340285775 0.13483490239813556 -0.40095621123387554 0.5053064526539646 0.7152491399039855 0.3954232856458151 0.1949982764418479 -0.5397830507794192 0.029190954200612396 0.4377730793869043 0.3582825700373426
0.4362383597569634 0.25571013159264744 0.4100496884712806 -0.16016059724985102 0.5124190507407625 -0.2503408789836721 0.31597297718507716 -0.2999467099872034 0.4291689708812691 0.07029074773548419 -0.025534214898172956
0.05062716175646932 -0.037723321830183204 0.4012962087259246 -0.32604901618495136 -0.017024921446551034 0.10445983564737514 0.021332591932161565 -0.21444009921997964 0.48599019714644215 0.41533802682385623 0.3771536636111022
0.41811294455972464 0.15836080895289162 -0.020044288710532 0.4007792374306668 -0.40348862933126023 -0.16446485324267685 -0.41328103070858846 0.13652294554022104 0.055783002732297964 -0.5140211293974719 -0.09617328261169757
-0.4358532413298989 0.012890191438323269 0.3140527080892886 -0.09706931151388329 -0.2004921062144697 0.1382026735763415 -0.32530474047089686 -0.017136433725581025 -0.2994812263998446 0.1367619912922289 0.5023606847603073
-0.43847880209017986 -0.41182842693795724 -0.08349323618165184 0.17568448627577604 0.4500320716234962 0.01082882006723689 -0.28690755927853256 -0.24020002391767567 -0.09481765513880132 -0.4760369960494877 -0.44573550180357246
0.30474431479341463 0.1395012355099309 -0.2938242814391562 -0.06170246251224438 0.18891141926792512 0.2709808154791179 -0.2678616616132367 -0.4890470703770069 -0.25579991739708646 -0.27573023953268644 0.5032723748387494
Layer number 1:
-0.1822485789125102 -0.01873697682766983 0.4129810238518017 -0.05881286668245674 0.3926969603533171 -0.40877452483704435 0.44529688441067766 0.2792980933557162 0.4021914511375015 0.1500443149231143 -0.4568285345685876 -0.26111725052720863 -0.3074302084650363 -0.14799589907154642 -0.2039249693904525 -0.11983416797477671 0.3537525261743027 -0.4704535121975369 0.4327637469189719 -0.16923680873990085 -0.36087458979398396 0.3047007579063232 0.45890116005224474 0.01115526661446923 -0.4076973537186709 -0.32858275905508794 -0.3964147479839432 0.42448636238655363 0.09520795569648913 -0.47200309231692567 0.3082157515444389 -0.3514724549491655 -0.4008135069825415 0.06588987641647875 -0.4559952835064088 -0.33495855372815664 -0.26034017762591083 -0.060752168404162095 -0.38572483315924505 -0.36083187524729216 0.01784148307371996 -0.09874150501288871 0.2853524765680592 -0.457286285356693 -0.1616750297272655 -0.37604550354121163 -0.22512040679446887 -0.044617747633752994 -0.2035652699790456 -0.2662927518283688 0.10656279519979667 -0.29596044948031053 -0.15008464717399095 0.18851563271797575 0.24984426373193014 -0.15087535070514313 0.13779182656587094 0.13453671284894805 -0.4751690495538251 0.1297263429205233 -0.4393060791216936 -0.11460987171001 -0.12650175600993158 0.03718935399398018 -0.40105847337806566 0.0688206689498653 0.49289708795382836 -0.22594557915014 -0.24682077587164333 -0.05966357613685605 -0.08395634979942114 0.2760527800834757 -0.04701658084164015 0.18949704689705757 -0.2819520199287326 -0.1438316560470864 -0.23462001954844336 0.27872639548288725 0.37039859467101804 -0.014764880981675279 -0.19485388385375232 0.4556041268814397 0.183571021959361 0.3895074409689872 0.41288457794308747 0.40142114470356005 0.39188465832209735 -0.38326296463767995 -0.0662232993840908 -0.09280619262514542 0.4878394560360821 -0.03546247597794162 -0.025443685859273615 0.025370629094220824 -0.03646543186058846 0.2502522752658707 -0.025460607449157603 0.20474673213359693 -0.3667732897474013 0.05883155984292004 0.35276277853797067
-0.3172791385591482 0.09561029153971479 0.26799021237800247 -0.08136741081432548 -0.47731038369303164 0.22768305230716213 0.36757158720493854 -0.33425644312252883 0.3617851389712808 -0.04901491134149847 0.29280494083695274 0.5190653426495584 -0.07603294024053996 0.3750456309755057 -0.03642343056680953 -0.11630571671654259 0.20109362997780916 0.3617895239760886 0.45762991938574454 0.0722120678030134 -0.20887387158857534 -0.43482140083275334 -0.0320673340011117 -0.15339334558702927 0.38408321174313065 -0.05711503085921114 0.44886579637401997 -0.42492370647826466 -0.35337737174875494 0.10918679241911526 0.15611278154624636 0.3179928988661103 -0.2062120280248317 -0.36418627860061037 -0.14440086874025693 -0.2538492664343783 -0.4647695594225568 0.16729533297757315 0.4876277457952293 -0.09765809088873284 0.5147820187742925 0.39990837477262486 0.18470413327652935 0.2574572182855579 0.41323716468041394 -0.2827497502764955 0.4242094294957289 -0.3753336914165733 -0.07705730368188715 -0.4304822003984476 0.3564711084679698 0.3334362059606492 -0.2116422423251793 0.3976842848130535 0.3604886729922471 -0.4879634105174066 -0.029189929778137395 0.040761900026153534 0.0942499489826179 0.33591716047580406 0.22812115079780393 -0.3862394763427911 -0.2651859202820701 -0.21254365074258694 -0.42928434489526107 -0.28861532728228817 -0.21894363611028222 0.32010341362987965 -0.32920231295403884 0.4132929554653886 -0.17078682702569653 0.15496065419921162 -0.3412962480814669 -0.4748056512059569 -0.19801366614043392 -0.08537845822716819 -0.3873236464116975 -0.13923183045244478 0.4844618029538222 -0.015287029347751462 -0.28971934309266945 0.3851466889279631 -0.18210584678931926 -0.1529599007603928 -0.12832924096810194 0.029715099155356497 0.23441484628071707 0.4722154392309412 -0.2002334492346548 -0.4391554234770528 0.27388550228927744 0.26664042402834465 -0.05372547542092205 0.4553477911652929 0.3048991869401208 0.39255904552994825 -0.077529060284605 0.11308376429145262 0.3025546060646608 -0.06785997298683309 0.42465683090285294
0.14939143064079516 0.12299336759429533 0.4688454534675756 0.48570073770723926 0.15356624030924662 0.1503405556089802 -0.44752050362157536 -0.014494508245767316 -0.1478038759929678 -0.2583102318305686 -0.27381798740698204 -0.2621110140136265 0.12657737890247722 -0.06600727848337676 0.08863841256489326 -0.3690819411307219 -0.18909165762641966 0.4874100311293475 0.2390751459096974 -0.13652210050898503 0.053011326885033946 0.4271016233426244 -0.0819898133403027 -0.23133108655963083 -0.01913274236560384 -0.07116418058420429 0.22205924671091717 -0.4557172748374864 0.2577457587498683 -0.1417931751193257 0.02557237087847371 0.06302857759559968 0.1847915325140295 -0.3916508233910956 -0.005716143186386778 -0.10565511055463743 -0.3057004308358219 0.3272644580289098 0.05495535246532538 -0.3692145558481028 0.06575662041678268 0.32035275082254766 0.06037853986093375 -0.2040889513892555 -0.39233796868762344 0.23568887924418577 -0.1306532308650841 0.3698140702661127 0.48597163549444944 -0.025817116400337 0.315405162624137 0.41169103012234554 0.30987768159174256 0.30903669873358414 -0.25407706245373685 0.2628389910699359 -0.05002923108784608 0.17935990006180247 0.2544248460204633 0.43122604708147044 -0.14316023817830328 -0.49415463178228247 -0.40651731079371656 -0.15554360567352432 0.29511300977149707 0.10686858137343218 0.3276608140039783 -0.23844285855321898 -0.12013806947378868 0.15076153869847086 -0.3883381564384831 0.23673041982067866 0.5009293650821638 -0.4841326100118963 0.4853373567170013 -0.40315488184065695 0.3957134165603112 0.06350325615300727 0.019793851485134403 0.4186540918180545 0.14354598576805008 0.4782122986902638 0.018181666229689673 -0.40186127776447594 0.07559808860931432 -0.07168549991648479 -0.39537222303586417 -0.36200196602406615 0.4523235829887028 -0.4167734328558681 0.007504448410048169 0.0042796107412050475 -0.25699246039840756 0.36426924767300145 -0.4226022579992154 0.24950466012448666 -0.34318448689055503 -0.23816988882706328 -0.15961055250848488 0.3435859942719412 0.05763463093116685
-0.10656410111959454 -0.3271648494606399 0.3651229000035003 -0.007048917786875401 -0.32444513845875295 0.16502167238462467 0.14069406878906512 0.21186382607227763 0.5556201718808618 -0.018579222648679228 -0.26540011008457787 0.29525680089417883 -0.20265331778394982 0.31393991169671553 -0.19822296101821182 0.24553437398804703 0.4223179371084607 0.3821399173870825 -0.33123699250320693 0.10870227997194702 0.26858055179583473 0.3329054279542985 -0.5729081951799175 0.4530461530238469 0.272854205735545 0.036070589937919395 0.15152154209901164 0.07475393914182833 0.0864965338491111 -0.5031732928979327 0.033013927772640894 -0.1361743336182249 0.3868756155282019 0.10849830754984645 -0.27396329055050117 0.023087705877611883 0.0972308914346159 0.010382374277234312 0.08154405718538521 0.07030855025355648 -0.464048457370643 0.35857400912319004 -0.3042567767946809 0.15509926499120172 -0.43383177390009725 0.3457432092721166 -0.12136644588163954 0.23048311800429827 -0.01392373402484495 0.209907691927586 0.32118362982658016 0.1439346483007806 -0.3090573941343948 0.28095894126647464 0.04463320001419741 0.08825864204840196 -0.0964033025937451 -0.34266450011177274 0.16139347949766644 -0.41081949794864003 -0.32473803909480464 -0.21714854472678746 0.021267064304836644 -0.09343368103797926 0.3980911693377829 0.43775145899748763 0.4402965334035462 -0.2825695456546331 0.26628053529196005 0.1877862950354612 0.17342342491747864 0.05900863916864196 0.45679422202812936 0.10132728196567348 0.09482875578596708 -0.16861975720134761 -0.5083136358697142 -0.14038993035702482 0.17462173089379607 -0.352633930310865 -0.22999955060913344 0.44945016557746303 0.15863737659492852 0.11633290012976523 -0.343599174403895 -0.19376315165299 0.2522877663540579 -0.24458305205345182 -0.38872026518787617 -0.41075182990425607 0.31257646777606307 -0.30210048606916423 0.3859685944756448 -0.06572421111796639 -0.3162220864969202 -0.006659286035509446 -0.3360204973512193 0.2153735349857985 0.3575880880038108 0.17306190328529034 0.023931718741024063
-0.1556557793127579 0.3819207391610314 0.5151029861426422 0.35163932557950855 -0.3889144318026934 -0.43453534986920317 0.06373228267786642 0.1715026458752187 0.46039326497341065 -0.3791995178891069 -0.5040129196859222 0.196359995522842 -0.34894184351562785 -0.44526117796528775 -0.3279622268170308 -0.22061231688712585 0.5102572240381934 0.14934372769456503 -0.3300928780286294 -0.20701289105154175 -0.26112484006046455 0.009731771597686794 -0.33380715285944645 -0.2787291627145594 0.15237042426678887 -0.19500617314835964 -0.47120725838528 -0.39445755120026704 -0.26563839238441134 -0.14461956842006127 0.14400634536102294 0.08047799524896528 -0.13557357831530983 0.4296476111529607 -0.4060341112739615 0.31496523365900886 0.22834332005089467 -0.14653894247941507 0.08822607154313623 0.2910407081916895 -0.16350027148468557 0.20178019817578027 -0.22173412273154366 -0.027581930143191373 0.09386710188641709 -0.31503491526884986 -0.37255561750701954 -0.13855639724667204 -0.15615517765057646 -0.18130132164998336 -0.18516997952114023 -0.50188748435245 -0.42094048312483073 -0.4088962056699485 0.23856744359677776 0.3269335051461697 -0.12546318128661593 -0.4514948193317745 -0.006784937431466344 0.25731553463023454 -0.024389823941079875 0.10179448067465942 0.16966430257621148 -0.4479798769285185 0.3645453418064292 -0.38866713109028184 0.4081982985089188 -0.3628513838737764 0.14084779877738987 0.06545347898816409 0.17745535777821678 0.31346085739027707 0.3781198362335574 0.4137715482487689 0.3298774914425053 0.10325313903060421 -0.06630458196958001 0.10842491525580547 0.18153131803731912 -0.03051490105193919 0.32595840163151646 0.17951146610938523 0.28055358178818857 0.2529867650045345 0.09702988183734296 -0.1746496876401891 -0.21477987249748476 -0.5131160568574975 -0.05880264052047541 -0.043995446946693675 -0.007498319718520522 -0.19149352076545315 0.2378444514172823 -0.10722895186283563 -0.014929280997845367 -0.08881685006185627 0.37551017567571354 -0.2231166845528397 0.19405118134951788 0.14351082832282352 0.5255657895330916
-0.42848651229711393 -0.05105250472915916 0.33566797081175065 0.2612984214757222 0.11273568744515515 0.4311072240516 -0.3595993248897315 -0.3726477369476199 -0.4147833042605496 -0.054575826998056964 -0.5198441867562147 0.3777343613780139 0.07525144519845922 -0.3929071328556775 -0.1429179100493014 0.4918422582925516 -0.304707849973001 0.31293500780680134 -0.06134680763511604 -0.25873049143251975 -0.0036490564564417875 -0.5480880639309472 -0.28962622304365376 0.2584429494504265 0.3429200858437093 -0.48565985637474857 -0.46229822564977807 -0.19307293378148127 0.1972021237372516 -0.337713377922706 -0.14599544021072935 0.3557092158067634 0.006543327629754364 0.1534312519455513 0.41676168127906216 0.44171419267151185 -0.027236287629515157 0.37466879664577596 -0.0403730845926029 -0.4715511754537508 -0.04619464648704765 -0.03698713399603674 0.1412463289913884 0.28373754391384165 0.30386349621463915 -0.4468201232162275 0.030846657016752686 0.055118697033364396 0.39480684183928255 -0.1108367209822573 0.3487985796456704 -0.23663974949713093 0.49722567652951477 -0.413355949582357 0.10810647026904385 -0.17042260746098284 -0.2358487271790861 0.39728974778387016 -0.40343473669460483 0.08416157804211274 0.30193446741597324 -0.4198466286741865 -0.06314570134414133 0.2917647096758703 0.3591020025291669 0.33747433778011315 0.0444654225093507 0.26845332389207893 -0.3417936921442636 0.16763259889999146 0.009687310864811895 0.2124009026285301 -0.026777420287756065 -0.4061773590707155 -0.14040743572064351 -0.3443018228596101 -0.36968773210988964 0.35905423217153404 0.08387708458351223 -0.24636965234708452 0.28000682177213215 0.5118046497811228 0.12468657187211513 -0.08174087370966349 0.3692057371626877 -0.12592143282985632 0.29669058473465926 0.21285980357433973 0.32222949188468264 0.22837223957780076 0.03454517058167504 0.19639060048724388 0.10145783407747597 0.025390030466602737 0.09563956029554596 0.3597859299601179 0.1623225001681266 0.026864828024907764 0.2528389241846277 -0.06460353827954701 0.2573559973084632
-0.31353830786324277 0.5383577782236785 -0.5483330116118499 0.3725704444298148 0.009978320073083427 -0.5887284203254027 0.019415395693725905 -0.19672712846591314 0.3803915676055697 0.09882194869193336 -0.22422262122210682 -0.06869081882156285 0.405930050092478 -0.2530739790714871 0.12747918634482694 -0.4160654885323727 -0.1200943867394779 0.14185810283602995 -0.19168928659017204 -0.2556541456797888 -0.050874798977015176 0.21267711454151578 -0.17604706155575373 0.13601845728145198 0.3376186463308098 -0.3295505670568164 -0.15293275015256275 0.13650644288878658 -0.2541851358216788 -0.3584845134849515 -0.17500792068487192 -0.2658490166682825 0.18241301308631291 -0.12277911686295383 -0.15152872136595283 0.34641459559382454 -0.16393193353587063 -0.08903753685820308 0.27581573213557353 -0.19403635418080248 -0.3672788409349138 -0.08569881451913278 -0.17287357995585437 0.3721708022812441 -0.020200406141953786 -0.10093274006836411 -0.04200657661535026 -0.3136151655264011 0.32101076913805754 0.2315211255601172 0.14272612834802614 0.39623360061203866 -0.339064910862627 0.09549233883273271 -0.14855430851058365 -0.5397761390640162 0.25831573556703485 -0.4301672290259263 -0.35115989425110744 0.31384254538358364 0.0032859414537480544 0.4049783124173007 -0.4149452383257743 0.16727232480776696 0.17285688671577257 0.4176556283857467 0.3499907070912521 0.21508991977234762 -0.17821698835490798 0.5090979846617617 -0.22180545459110354 0.33375809353605745 0.4277745073547403 0.3326008497959303 -0.11565257254167559 0.26423904958616934 0.2663733356637008 -0.24976752473609573 -0.2715399330404559 0.12295013593882659 0.1774456905381003 0.19920491217959177 0.3891771827123569 0.1041403309993019 0.28747991270604967 0.5003245502221848 -0.1888519520929709 -0.024122479141099735 -0.3946181950135312 0.15954360004337909 -0.2460213769948347 0.06122029588762387 -0.03548269549089149 0.3716720976816539 0.29226136229766697 0.17705077797830251 0.23646166596022652 0.1565900392758903 -0.5142656328131072 -0.3422879584368105 -0.5686317878827397
0.1529912643269773 -0.4842755713087817 0.30423960999770416 0.35248081795547315 -0.16922930212810558 0.042640237139146706 -0.26055102907434285 -0.4321137711996565 0.4659112493855754 -0.04445687736081888 -0.08640458764476451 0.04939009661113878 -0.06542920055679699 -0.3070672291221203 -0.45031693188193905 0.23992979425674796 -0.4794677574979598 0.46925763959677613 0.26160601142928025 -0.16439935101412737 -0.4826866256609233 0.34844550555755 0.20592451796595998 0.3081724041455142 -0.07579140640567274 -0.3967548673593711 -0.1078469506712809 0.4933073703159876 -0.2784525404737833 -0.23543281816637332 0.377765519779672 -0.2876678113195543 -0.04188091178026162 -0.29542298342618833 0.05646958749029673 -0.40696527763284857 0.4771945996991798 0.3113704994815603 -0.2293558199974812 0.07357543813327314 0.13482403605241522 0.1223496116175948 -0.41685631827476494 -0.08793793458979575 -0.404425062772328 0.1478570362467438 -0.13154476129852297 0.35357273066015366 0.40712745399864975 -0.19156683845911904 0.43794289912307455 0.2678587045363624 0.46396559853450614 -0.2563943641331241 0.3472697980544404 0.18946028737138376 0.20578526346029846 0.22508281592137355 -0.0854281847726419 0.020887095891865062 0.008435178621943918 0.398556304052391 0.3047461854445981 -0.44091156514333996 -0.44781783086075666 -0.4932129736883542 0.4750823283736279 0.40396798160552627 -0.2871661881887594 0.1692496907721578 0.2903930763577444 -0.2137520121433491 -0.4060448087334105 0.2049287373143966 -0.4332488418134958 0.45812442683031895 -0.0018006038959957184 0.312096380399946 -0.21018354567217534 0.01835604343806727 -0.4676546731800281 0.1426181167580849 -0.054947862421269575 0.1884433301052369 0.03644762885131047 0.15276488798241025 -0.38333022398680233 -0.2957811764269267 -0.38663899981070116 0.04629274654687271 0.33300896540230274 0.3148373451746765 -0.09891252760801275 0.04348564264176743 0.2721383753344206 -0.2377761812182243 -0.21164864689253815 0.030656683418829905 0.34816032972948163 -0.4027325681210205 -0.263984495028496
-0.1979311781778505 0.3778672206529916 0.4272426774411354 0.2654040130339495 0.4391747568357634 0.30647389581581663 -0.3400376851481423 0.1149523713365217 -0.22774158862510172 -0.18378476575675326 -0.3555527345541566 -0.4922059027000801 -0.2187344515611478 -0.23238356469486762 -0.37197191973391225 -0.2346832268624681 0.18427373369979647 -0.4205546284584581 0.5035276837341492 -0.17596870481435561 -0.0307541305415001 -0.2264262902998118 -0.39474342661196327 -0.11046359700027769 0.019296002502087205 0.4637861590638698 -0.4706518913901592 0.3348376220996654 0.2140578042086514 -0.12030345759838407 -0.5534740193703359 0.18311842378997326 0.35532581430346355 -0.46206886594156604 0.1106077823966283 -0.04252013506434648 -0.19385311801182464 -0.1529063593265242 0.34627273184184487 -0.012490699342840996 0.07337748247613658 -0.3536233915026425 -0.5031275843324715 -0.26089414619414514 0.46870362737107374 0.4392331100753282 -0.2935361201110309 -0.11598516761750605 -0.4477354724944423 0.008431974824304743 0.2534473724437735 0.3427153721684194 -0.4871677875934428 0.2557029555442512 0.4497152578059753 -0.2659104308054927 0.07633985516452163 0.4425528199531372 -0.28466104405787807 0.13998255213910038 -0.24184112701364166 0.35162840233580545 0.17110505226845368 0.2892808547868742 -0.4318392456301814 -0.0929119512221075 -0.21849281079608096 0.05669405193786134 0.22839080831679484 0.1145317686036066 -0.3713589382515586 0.44314404239113997 -0.21375086770478596 0.29979274530348765 0.3592943368612672 0.05870428165070935 0.13944530170072675 -0.43554986102626775 -0.2769903428599915 0.13338314235905777 -0.23390642773258105 0.3902776514135852 -0.10537921285764044 0.36692209034416645 0.026627379113205816 0.18553046467216122 -0.16619674434209666 0.031021980015920356 0.19721357312772744 -0.29294666725703655 -0.3174573608926462 0.1825686658290487 -0.06384755880015776 0.39832719269438494 -0.022337207020365537 -0.2717530177700073 0.24183424476932747 -0.07834986787588355 0.19795406095628895 0.0812594469705922 -0.22490419464163772
0.32978913816689076 -0.07753070447617104 0.26382730695113255 0.06821175099593889 0.49843661230136455 0.05593114894040094 0.46603258345178666 0.12214612430227025 -0.4339191413946309 0.3701650025659924 -0.4010336630974436 0.0052684909311989285 -0.4058739673717363 -0.14308595149440087 -0.33379246878130486 -0.08960143579458156 0.22702033156479776 -0.045387499962325065 0.1909439152287813 0.48374655950014794 0.33580796109056027 -0.2753716244872893 -0.19665803233839324 -0.42237713948018074 -0.0594129291137754 0.10368454642320442 -0.4519161618668306 -0.0921123692424233 -0.35301869783213924 -0.19708705123642914 -0.3076689425013753 -0.39415215958785504 0.13029485195941048 0.4322039892383288 -0.18301748000023024 0.29835530617522105 0.27443335766431615 0.425244292507263 -0.1185965567854682 -0.21068726842798427 -0.01153857832658787 0.3840440806560741 -0.3767537537970874 -0.4927001007066049 0.0972536965774127 0.005415183797779336 -0.26094675630132075 0.31887321605797253 0.49638803255610436 0.29009053823820175 -0.2330556560086524 -0.22108320100649112 -0.33290939715140233 0.11683693429803699 -0.3053145901944042 -0.039727227463566835 0.10924706521221181 -0.231412883050892 -0.4130121554678484 0.2709945739301881 0.30439889187098823 -0.2788950535428542 -0.28351830550859275 -0.18687018784337653 0.18214745070267574 0.2492146195300941 -0.06541284074741914 0.08178486426065347 -0.35774221022917235 -0.4113047555146146 -0.3992621156116267 0.1642977608680493 -0.037965881122876965 0.22996581213423464 0.3005122198656905 0.39185798583923526 0.17050293868056957 -0.18589266589602263 -0.3211937552715952 -0.2136795656675327 0.10298617001509378 0.2868724644195703 0.3966172740517464 0.006993843681616063 -0.45573077684024166 -0.40029573703785587 -0.018611649003073466 -0.3672553580896052 0.41592725339716324 0.23518076658030818 -0.44613352302854353 -0.06893168445114196 -0.32929524223674156 -0.368071712060494 6.956947097575462E-5 -0.06176193148169229 0.300628238884642 -0.163454213942705 0.11766476126452576 0.5223039243868399 0.12511369455137353
