Layer number 3:
0,111199579481119 3,55448217428519 -2,13196102376744 -0,873772042519699 -0,115920517791285
Layer number 2:
0,438706434396813 0,898865064025567 -0,674533786929483 -0,552475817094038 -0,685742622405883 -0,369483689695726 -0,0382869206240282
1,45197444221373 -0,982254408663826 0,295202118512837 -2,19151293960667 -0,899628520582172 1,31776316599349 0,669807005163006
-1,17470160478359 0,593429072113418 -0,294456210478934 1,27307569182076 -0,180284872796634 -0,938825298435209 0,586146565350653
-0,886168361953718 0,0444016022848505 -0,679675487790797 0,156121536745767 0,621943887205948 -1,01085278284836 -0,297152874778726
Layer number 1:
0,562618528456024 1,23104986484914 -0,505913389834642 -0,0377307033636045 -0,813522641841637 -0,77028203208336 -0,671519976767832 0,583643604770212 -0,034386232301714 -0,0617002800435301 -0,351857774488919 -0,361787234606207 1,01638046550728 1,02802826993837 -0,538993732884443 -0,213121258698598 -0,373135592225971 -0,0358931008865853 0,213366169033879 -0,129768528722228 0,898339917404258 -0,380379169899096 -0,0843716745350116 -0,401538009388114 -0,0775904489685969 0,453116709955164 -1,12459551736567 -0,17635372452161 1,23191168461392 0,608330764353937 -0,421973779838645 -0,109988670226524 0,361388908433811 -0,713787584219044 -0,129328143397421 0,8030588370772 0,293570174946621 0,267221849203842 -0,0985725940643861 0,982959929304714 0,176241318444319 -0,297589291491784 0,228923658805528 0,924994789521078 -0,589650610627014 0,173838193296808 -0,605892981408314 -0,582102336507553 0,192101473835105 0,188453278993492 0,789533164406561 -0,0205033473757692 -0,560351787281072 -0,588043308004271 -0,380580124168895 -0,0127990365021522 -0,0226929625005294 1,11734352828176 -0,782111425588663 -0,329697578649082 -0,812423294990116 -1,0930359493592 -1,01470944293145 0,528219581032218 1,12487966290474 0,427783773102647 -0,372359611670077 0,791528328474543 0,247429230992003 -0,623592432037503 0,0853429276139584 0,633087422900415 -0,625955871746668 0,662693255460847 0,767432716749019 0,282038816964323 0,0788648850830663 -0,0512211027174305 -0,97172121599166 0,579916043385452 0,394562580804315 -0,962377311238143 0,603399873314749 0,168797416925475 0,745946040741953 0,847554466524365 -0,997981487752658 -0,280023904868473 0,391008703424382 0,405940033506436 -0,248794968789234 0,429473441673188 0,285549090144816 1,13487384549679 0,527936012021203 0,100189019629511 -0,558011647187984 0,482167035074925 0,484183817565948 -0,554263286986229 -0,890374856242148
-0,519774763421677 -0,0993441558305232 -0,587906652593091 0,556007665283226 -0,891896761107091 -0,429513763387195 0,372282497279922 0,0108853366914822 0,40599033887829 -1,02770956156032 -0,924649900200743 0,560788108752989 -0,656519130303943 0,198182557929288 -0,515302802162074 -0,538975709179113 0,324472852512006 -0,86978153286342 -0,528731079937032 0,571296262875631 0,747626413267693 -0,8499466961147 0,7300576481908 0,78799226259223 0,689484078303225 -0,349405993836917 -0,303188755581801 -0,889507273260976 -0,48686956222659 -0,313058688385131 0,392564721227844 0,158999484185919 0,856548535816946 0,575281269041204 -0,0865560137816869 0,130899677555833 0,495389006175609 0,266731687026021 0,41908800501527 0,116075122142499 -0,125055068997345 -0,75438212910128 -0,709908120479522 0,522572784041795 -0,478161081338589 -0,943486314827909 -0,191002743632552 -0,374674380288491 -0,224811364566708 -0,473872126615027 0,345888433079205 0,749843227505965 0,478563909355854 -0,12240480032793 -0,637294750794955 -0,674740122660775 0,228470956477329 -0,43147805743853 0,859799298393296 0,544583977958354 0,865343422212158 0,16132839362732 -0,667950590382525 -0,410587103245376 -0,362544708772342 0,0743348819179031 0,922622384781642 -0,211953863879194 -0,711616719187088 0,435489858273355 0,101254610578049 -0,908669187022344 -0,339860424073744 0,152201056294064 -0,31663321203016 0,652579683099123 0,92535170162127 -0,800230050078717 0,307835191219081 0,723457109965736 0,863921091964429 0,998846261551937 0,342955757243548 -1,00001755114212 0,455599165331291 0,737297432738334 0,818962901271961 -0,00893549750181988 0,303323925623487 -0,283553177166921 0,953712594788961 -0,0819177124553339 0,272866086563214 0,916871761718451 0,346040852461011 0,712039808885397 0,946181392890219 0,765660969374525 -0,0680078920365804 0,631314270161703 -0,710976581797623
-0,981801794155864 -0,66090218875952 0,411283071833044 0,449407344808098 0,273229326491438 0,0692824875180921 -0,828404373041812 -0,929016773724264 -0,327200474433698 -0,609793835827225 -0,00154671748322266 0,338431861393448 -0,821702219275095 0,64492343119176 0,869089679594687 0,878995631589152 -0,774430848678061 0,0784024303660717 -0,198839276516251 0,17940969008956 -0,16181741824352 0,478097474972249 0,606173834376017 0,422157267194044 -0,73407394476863 -0,321856579452278 -0,451186746267384 0,81788482934753 0,020012630179641 0,734955305531795 -0,857081173735889 0,292527738539967 0,565736616232719 0,434386368972032 0,769020514388427 0,572842629878421 0,761757416079135 -0,415032436092239 -0,793333431832027 -0,294538691359773 0,527541808886686 -0,186790258511613 -0,446334883871972 -0,759100419326032 -0,0546261620063071 0,461032240693521 0,110922880661738 -0,64460903474546 0,547835299292414 0,839023451516496 0,622745752416421 -0,424388092868116 -0,984198487008206 -0,563698546739562 0,383265910641575 -0,450688065269261 -0,296270749013604 -0,976712572484856 0,223561317323055 -0,45013028439486 -0,523841168377716 -0,609120858798991 0,118987520094818 0,0123527534991391 -0,745508528224866 0,648125878672718 0,675392812942744 -0,253892424534256 0,89637939311565 -0,781966231242722 -0,954459740104469 0,624545765744802 -0,0745049279407215 -0,793997910044122 0,72170228739603 -1,00200420551502 -0,110192517776322 0,365636897765654 -0,536557646759975 -0,237144980210361 0,564638075163077 -0,760464218995306 -0,706530616755537 0,157013478066982 -0,891899958085455 0,581141862743404 0,218107928563083 0,123471865423972 -0,947094949661741 0,187577921735497 -0,146741361747815 0,771183060468508 0,427945170606374 0,634038618992114 -0,782531160127358 0,159458738977543 0,661145627174995 0,47225710413686 1,00568885102363 0,245953288100538 0,700693123394108
-1,01968205652818 -0,994331598773588 -0,0190059807210377 0,677182636634109 1,22029906356019 0,676846709901977 1,0510806661968 -0,147218195802228 0,189241362755702 0,208390701865949 -0,275500656951912 0,0240173654297004 -0,792828098559833 -0,176471771465446 -0,739217016179065 1,03358716456665 1,23888898126299 -0,0979216319296874 -0,545735858563862 -0,897161965184308 -0,594564555529843 -0,542596810096046 -0,403559432644289 0,172243821427522 -1,08659462260686 -0,749614272630633 0,31492283294909 -1,16679647264894 -0,669252861187972 -0,792569314152695 0,309805671108073 0,157110938609499 0,298950155843992 -0,125982383778209 -0,00413029839192397 0,644390363067634 0,171024803856193 0,0591238707393133 -1,03295673446986 0,815456632884076 0,295328719411073 -0,49789186399982 -0,0802004254916501 0,427754528076874 0,087345707165367 -0,814419563918136 0,0140205267732788 -0,627483967825945 0,903771040533046 0,0350402685207906 0,663617301618524 -0,202767094617712 0,397101832254024 -0,308255425999139 0,055313399801302 0,685931659041544 0,932100349908859 0,595480579803441 0,629872136970436 0,917713406477073 -0,694581517454571 1,10442659580033 -0,786039308666299 -0,0195262592308807 -0,952470360759249 1,16456619214532 -0,693097149690549 0,388551629121898 0,710762727675325 -0,485388148269256 0,269640801466545 -0,0166528661539246 -0,270611557023924 -0,628432930077993 -0,172163527937005 -0,679493515449203 -0,89229327405635 0,289101394420825 0,873683671345684 0,552425631892623 0,250005805481049 -0,198183884476999 -1,02129469372476 0,281395875969268 -0,513068424701127 -0,337271906548264 -0,631672310551598 -0,0758491927174662 0,857021808212378 0,252762990136656 1,11600692791788 0,338276870714071 0,492373096458318 -0,662588638705951 0,415796878545483 0,320278094460326 -0,497589167118233 1,05615483251147 0,538136366354743 0,281480286695099 -0,865525050049183
0,659931325561053 -0,202469268256869 0,463680335143029 -0,795378973927733 0,0633462315026752 0,751622017445222 -0,275799088680705 0,768022735253723 -0,0444783339420441 0,609283018809566 -0,314378039541838 -0,991747240973354 0,737939604650543 -0,360593507355099 0,446812581634701 0,786148465306497 -0,0975902684612059 -0,603450473649955 0,339344566796972 0,87612049496637 0,673276913404768 0,39584081219446 -0,759763031410715 -0,551094182461632 0,689576989817396 -0,00338726632266408 -0,397550678611505 -0,0675411534287644 0,452818776377408 1,00116923292058 -0,675356026894432 0,729713468948837 -0,662238524038409 0,785141779620586 0,441833423510802 0,951948644183311 -0,43188218696351 0,178696783964949 0,677518533263422 0,158166195644166 0,407893895620738 -0,160810274470322 0,00632850277854453 0,896926652697541 0,281660752395906 0,203822462184572 0,97643934656477 0,667018729136204 -0,610295429758903 0,848263296795309 0,390127749091454 0,362637893605 -0,949323740117213 0,683430224838856 -0,541284030629539 -0,66018655310587 -0,349230401542001 0,112695417249187 -0,40197002621434 -0,870460450442709 0,198736036964633 0,78212865252681 -0,68173067305828 -0,0458101545195773 0,349163798080554 0,039237411188333 0,769455481875628 1,03295656619245 0,317097466345482 0,635097622752163 0,336660917906612 0,781076130646374 -0,218546336825718 -0,796746514246471 -0,454007860956926 -0,169507464054796 -0,632134759466855 -0,584991038449923 0,315516315724328 -0,381447323404859 0,121569330486758 0,00584109901119078 -0,373491426784976 0,571648441040371 -0,35752501595586 -0,0428000168442843 0,669556904580973 -0,28802046863157 0,478238813451526 0,230198592974662 0,348197761870468 0,504981613505982 -0,381505879794666 0,577778700080608 0,971130744298219 0,636205423815383 -0,459821111853814 -0,900836873971065 -0,328469391610474 -0,660549600262446 0,504742464274935
1,34343221519746 -0,204522301080117 0,179246144090044 0,128478081502677 0,73313237994653 -0,523617946994507 0,564442962015352 -0,0385438696372337 0,620802780869578 1,29389004287972 -0,297948144166422 1,15958961665982 1,21737765859632 0,486554913242666 -0,583737750671435 0,189054120423751 -0,46279478379949 -0,712445253326023 -0,544941456517639 0,689047966431001 0,23656767336117 -0,234195567359682 -0,689376150279072 -0,274934746901137 1,07393365272893 0,0971436957910743 0,0402138198436919 -0,788031077361035 -0,106677363640555 -0,662061742873935 -0,567043541658619 0,884468248593284 0,0183177141853814 0,524228308551334 0,315903712541574 -0,368853222608392 0,705668279803898 -0,080187786414625 -0,121575130860925 -0,56845295379086 0,924123316547756 0,519338009289203 0,902886728312262 0,472195985708544 0,240688402827088 0,755529622222855 -0,216832792015428 -0,424456829629231 0,536624443541612 -0,583287299749373 0,83410048776844 0,701362425865734 -0,659077514354716 0,168647290472238 -0,540515845459173 0,442627522335574 -0,621714858453379 -0,341205814092813 -0,286327420437675 -0,699763508660732 0,269176374437246 0,552993268936668 -0,581447990146579 0,469973488334139 0,65889996598926 -0,574742862193853 -0,105137711760376 -0,134527030086448 0,764223423891071 0,367371829725172 0,1166064